1909
      36.866       5.759    -225.024       8.935    -389.077
       3.468      39.754     -29.931     -51.750      39.470      27.290
1910
      36.866       5.759    -225.024       8.935    -389.077
       3.468      39.754     -29.931     -51.750      39.470      27.290
1911
      37.090       5.635    -225.976       8.664    -388.451
       3.151      39.166     -28.350     -48.598      38.376      23.426
1912
      37.310       5.518    -226.890       8.348    -387.856
       2.836      38.539     -26.755     -45.335      37.255      19.494
1913
      37.523       5.408    -227.751       7.991    -387.299
       2.528      37.872     -25.163     -41.984      36.119      15.529
1914
      37.728       5.306    -228.552       7.597    -386.785
       2.229      37.169     -23.589     -38.567      34.975      11.566
1915
      37.921       5.211    -229.292       7.169    -386.305
       1.942      36.433     -22.046     -35.115      33.832       7.647
1916
      38.102       5.126    -229.969       6.710    -385.854
       1.668      35.669     -20.554     -31.658      32.705       3.814
1917
      38.270       5.050    -230.583       6.225    -385.422
       1.410      34.882     -19.127     -28.229      31.606       0.105
1918
      38.424       4.985    -231.138       5.718    -385.001
       1.168      34.078     -17.782     -24.858      30.548      -3.442
1919
      38.563       4.930    -231.637       5.193    -384.580
       0.944      33.262     -16.534     -21.575      29.548      -6.790
1920
      38.687       4.885    -232.085       4.656    -384.150
       0.738      32.439     -15.399     -18.402      28.619      -9.914
1921
      38.796       4.850    -232.483       4.114    -383.705
       0.551      31.616     -14.384     -15.366      27.772     -12.786
1922
      38.890       4.823    -232.834       3.575    -383.241
       0.385      30.798     -13.497     -12.492      27.012     -15.382
1923
      38.969       4.802    -233.149       3.048    -382.745
       0.242      29.990     -12.737      -9.792      26.337     -17.692
1924
      39.034       4.783    -233.442       2.543    -382.194
       0.120      29.196     -12.103      -7.272      25.744     -19.720
1925
      39.089       4.763    -233.727       2.071    -381.572
       0.021      28.418     -11.588      -4.937      25.228     -21.468
1926
      39.134       4.737    -234.020       1.644    -380.863
      -0.056      27.661     -11.190      -2.790      24.786     -22.946
1927
      39.172       4.704    -234.337       1.266    -380.048
      -0.113      26.929     -10.903      -0.830      24.416     -24.166
1928
      39.205       4.662    -234.695       0.941    -379.108
      -0.151      26.224     -10.716       0.945      24.115     -25.144
1929
      39.237       4.610    -235.108       0.673    -378.029
      -0.171      25.552     -10.621       2.539      23.879     -25.901
1930
      39.268       4.547    -235.590       0.461    -376.797
      -0.175      24.916     -10.607       3.960      23.703     -26.460
1931
      39.302       4.475    -236.159       0.296    -375.394
      -0.165      24.317     -10.660       5.225      23.578     -26.854
1932
      39.342       4.399    -236.830       0.174    -373.804
      -0.144      23.758     -10.763       6.347      23.489     -27.111
1933
      39.391       4.316    -237.619       0.089    -372.015
      -0.116      23.241     -10.896       7.335      23.419     -27.253
1934
      39.451       4.229    -238.539       0.041    -370.017
      -0.081      22.767     -11.038       8.205      23.347     -27.309
1935
      39.525       4.137    -239.601       0.026    -367.802
      -0.045      22.336     -11.170       8.976      23.256     -27.308
1936
      39.615       4.041    -240.809       0.045    -365.372
      -0.007      21.947     -11.276       9.655      23.128     -27.265
1937
      39.720       3.942    -242.155       0.097    -362.742
       0.030      21.601     -11.345      10.249      22.947     -27.193
1938
      39.839       3.838    -243.631       0.188    -359.923
       0.066      21.297     -11.370      10.763      22.706     -27.104
1939
      39.973       3.727    -245.226       0.318    -356.929
       0.103      21.035     -11.349      11.206      22.403     -27.010
1940
      40.119       3.607    -246.926       0.487    -353.779
       0.139      20.813     -11.279      11.591      22.031     -26.929
1941
      40.277       3.479    -248.720       0.687    -350.491
       0.174      20.624     -11.148      11.942      21.579     -26.885
1942
      40.446       3.348    -250.592       0.909    -347.085
       0.205      20.470     -10.951      12.266      21.039     -26.886
1943
      40.624       3.215    -252.527       1.143    -343.589
       0.233      20.347     -10.689      12.571      20.412     -26.939
1944
      40.810       3.084    -254.509       1.382    -340.027
       0.257      20.252     -10.363      12.865      19.702     -27.046
1945
      41.004       2.960    -256.532       1.615    -336.415
       0.276      20.183      -9.977      13.149      18.915     -27.199
1946
      41.205       2.845    -258.586       1.839    -332.766
       0.289      20.137      -9.534      13.420      18.054     -27.389
1947
      41.409       2.741    -260.657       2.050    -329.099
       0.296      20.114      -9.033      13.668      17.119     -27.601
1948
      41.616       2.652    -262.728       2.246    -325.434
       0.295      20.113      -8.484      13.876      16.118     -27.810
1949
      41.822       2.575    -264.782       2.432    -321.794
       0.289      20.133      -7.894      14.028      15.063     -27.992
1950
      42.025       2.507    -266.803       2.620    -318.206
       0.276      20.173      -7.272      14.113      13.960     -28.127
1951
      42.224       2.445    -268.776       2.818    -314.686
       0.259      20.231      -6.624      14.127      12.819     -28.208
1952
      42.417       2.386    -270.697       3.031    -311.242
       0.236      20.306      -5.957      14.072      11.647     -28.230
1953
      42.605       2.328    -272.560       3.259    -307.885
       0.210      20.396      -5.277      13.938      10.453     -28.182
1954
      42.786       2.271    -274.361       3.501    -304.621
       0.182      20.503      -4.593      13.719       9.250     -28.057
1955
      42.961       2.212    -276.095       3.754    -301.462
       0.153      20.625      -3.916      13.417       8.057     -27.853
1956
      43.127       2.153    -277.758       4.014    -298.414
       0.124      20.762      -3.255      13.022       6.887     -27.556
1957
      43.285       2.092    -279.346       4.274    -295.484
       0.097      20.913      -2.619      12.531       5.757     -27.155
1958
      43.434       2.032    -280.851       4.522    -292.686
       0.071      21.077      -2.016      11.950       4.682     -26.655
1959
      43.574       1.977    -282.272       4.749    -290.023
       0.049      21.253      -1.451      11.281       3.668     -26.056
1960
      43.705       1.930    -283.612       4.943    -287.499
       0.029      21.441      -0.923      10.533       2.717     -25.366
1961
      43.827       1.892    -284.877       5.101    -285.107
       0.011      21.640      -0.432       9.713       1.830     -24.592
1962
      43.942       1.867    -286.067       5.219    -282.846
      -0.004      21.850       0.016       8.829       1.011     -23.740
1963
      44.049       1.853    -287.175       5.301    -280.720
      -0.015      22.067       0.423       7.891       0.258     -22.818
1964
      44.146       1.850    -288.197       5.354    -278.728
      -0.022      22.291       0.790       6.908      -0.434     -21.839
1965
      44.234       1.853    -289.131       5.386    -276.874
      -0.024      22.517       1.126       5.899      -1.076     -20.822
1966
      44.313       1.861    -289.975       5.403    -275.160
      -0.022      22.746       1.437       4.880      -1.679     -19.790
1967
      44.382       1.870    -290.730       5.414    -273.586
      -0.015      22.974       1.727       3.868      -2.250     -18.765
1968
      44.443       1.879    -291.400       5.421    -272.145
      -0.003      23.200       2.005       2.880      -2.798     -17.768
1969
      44.496       1.886    -291.998       5.426    -270.827
       0.012      23.421       2.271       1.942      -3.326     -16.829
1970
      44.543       1.892    -292.529       5.426    -269.624
       0.028      23.633       2.527       1.084      -3.832     -15.982
1971
      44.585       1.897    -292.997       5.423    -268.537
       0.043      23.834       2.770       0.314      -4.314     -15.235
1972
      44.623       1.903    -293.402       5.413    -267.569
       0.057      24.026       2.998      -0.368      -4.769     -14.589
1973
      44.657       1.913    -293.746       5.392    -266.720
       0.067      24.206       3.214      -0.960      -5.198     -14.046
1974
      44.687       1.927    -294.032       5.358    -265.987
       0.074      24.375       3.421      -1.452      -5.607     -13.611
1975
      44.713       1.945    -294.262       5.316    -265.368
       0.076      24.529       3.623      -1.836      -6.006     -13.296
1976
      44.737       1.965    -294.437       5.271    -264.863
       0.074      24.666       3.824      -2.096      -6.403     -13.116
1977
      44.757       1.984    -294.560       5.228    -264.467
       0.067      24.783       4.028      -2.218      -6.807     -13.085
1978
      44.775       1.998    -294.633       5.198    -264.180
       0.057      24.876       4.244      -2.202      -7.233     -13.203
1979
      44.791       2.002    -294.653       5.192    -264.002
       0.042      24.945       4.474      -2.054      -7.683     -13.461
1980
      44.805       1.993    -294.620       5.216    -263.936
       0.024      24.990       4.719      -1.774      -8.160     -13.861
1981
      44.815       1.970    -294.533       5.266    -263.985
       0.005      25.007       4.980      -1.349      -8.663     -14.414
1982
      44.821       1.937    -294.391       5.337    -264.148
      -0.015      24.996       5.255      -0.782      -9.190     -15.121
1983
      44.824       1.896    -294.197       5.422    -264.427
      -0.036      24.957       5.542      -0.068      -9.736     -15.987
1984
      44.823       1.848    -293.954       5.509    -264.814
      -0.057      24.889       5.838       0.798     -10.295     -17.018
1985
      44.819       1.801    -293.674       5.585    -265.297
      -0.076      24.795       6.140       1.807     -10.864     -18.205
1986
      44.814       1.757    -293.367       5.637    -265.867
      -0.095      24.677       6.451       2.951     -11.446     -19.536
1987
      44.808       1.721    -293.038       5.657    -266.517
      -0.111      24.538       6.777       4.212     -12.046     -20.989
1988
      44.801       1.696    -292.692       5.642    -267.239
      -0.125      24.384       7.120       5.568     -12.668     -22.540
1989
      44.792       1.683    -292.331       5.593    -268.027
      -0.137      24.217       7.478       6.995     -13.308     -24.168
1990
      44.782       1.682    -291.957       5.511    -268.871
      -0.145      24.044       7.845       8.468     -13.960     -25.848
1991
      44.771       1.693    -291.572       5.399    -269.768
      -0.149      23.871       8.216       9.962     -14.617     -27.553
1992
      44.757       1.715    -291.174       5.266    -270.712
      -0.148      23.701       8.587      11.458     -15.274     -29.269
1993
      44.740       1.745    -290.764       5.117    -271.698
      -0.142      23.538       8.952      12.946     -15.925     -30.984
1994
      44.720       1.782    -290.341       4.955    -272.724
      -0.131      23.385       9.307      14.412     -16.562     -32.685
1995
      44.697       1.825    -289.907       4.782    -273.783
      -0.113      23.248       9.640      15.843     -17.172     -34.360
1996
      44.672       1.872    -289.465       4.602    -274.872
      -0.088      23.128       9.943      17.239     -17.742     -36.012
1997
      44.644       1.921    -289.011       4.419    -275.986
      -0.056      23.030      10.204      18.594     -18.255     -37.641
1998
      44.612       1.970    -288.542       4.230    -277.128
      -0.016      22.956      10.412      19.901     -18.695     -39.239
1999
      44.577       2.021    -288.051       4.035    -278.302
       0.031      22.909      10.560      21.146     -19.049     -40.789
2000
      44.538       2.071    -287.540       3.839    -279.507
       0.085      22.891      10.644      22.316     -19.312     -42.279
2001
      44.495       2.117    -287.009       3.646    -280.735
       0.145      22.904      10.665      23.402     -19.481     -43.696
2002
      44.448       2.159    -286.459       3.462    -281.981
       0.210      22.950      10.621      24.395     -19.554     -45.029
2003
      44.396       2.192    -285.892       3.294    -283.238
       0.279      23.029      10.514      25.277     -19.534     -46.257
2004
      44.340       2.212    -285.308       3.156    -284.500
       0.353      23.146      10.347      26.030     -19.430     -47.361
2005
      44.281       2.213    -284.712       3.061    -285.755
       0.430      23.297      10.128      26.642     -19.254     -48.325
2006
      44.218       2.191    -284.111       3.022    -286.989
       0.510      23.480       9.860      27.116     -19.014     -49.148
2007
      44.153       2.142    -283.506       3.043    -288.196
       0.593      23.691       9.550      27.455     -18.717     -49.832
2008
      44.085       2.067    -282.898       3.124    -289.375
       0.677      23.926       9.200      27.668     -18.368     -50.385
2009
      44.016       1.966    -282.287       3.260    -290.526
       0.763      24.182       8.815      27.767     -17.973     -50.819
2010
      43.944       1.839    -281.674       3.443    -291.651
       0.848      24.453       8.398      27.767     -17.535     -51.148
2011
      43.873       1.691    -281.065       3.658    -292.753
       0.933      24.735       7.954      27.691     -17.056     -51.393
2012
      43.802       1.527    -280.464       3.895    -293.834
       1.014      25.022       7.487      27.555     -16.543     -51.565
2013
      43.733       1.350    -279.876       4.142    -294.894
       1.094      25.309       7.000      27.373     -15.994     -51.672
2014
      43.666       1.166    -279.301       4.391    -295.932
       1.170      25.589       6.498      27.163     -15.414     -51.728
2015
      43.603       0.980    -278.744       4.635    -296.948
       1.242      25.856       5.994      26.937     -14.824     -51.738
2016
      43.544       0.794    -278.204       4.872    -297.943
       1.310      26.108       5.500      26.700     -14.242     -51.704
2017
      43.490       0.612    -277.686       5.101    -298.915
       1.373      26.343       5.026      26.444     -13.687     -51.619
2018
      43.440       0.438    -277.200       5.320    -299.846
       1.431      26.562       4.583      26.167     -13.174     -51.481
2019
      43.397       0.272    -276.754       5.529    -300.727
       1.484      26.763       4.180      25.880     -12.717     -51.304
2020
      43.361       0.118    -276.349       5.722    -301.557
       1.531      26.947       3.827      25.592     -12.329     -51.104
2021
      43.332      -0.022    -275.985       5.896    -302.340
       1.573      27.114       3.526      25.311     -12.012     -50.893
2022
      43.311      -0.146    -275.664       6.045    -303.081
       1.610      27.266       3.273      25.037     -11.761     -50.680
2023
      43.297      -0.249    -275.383       6.158    -303.790
       1.641      27.406       3.066      24.771     -11.573     -50.471
2024
      43.292      -0.328    -275.142       6.228    -304.474
       1.667      27.538       2.900      24.507     -11.440     -50.262
2025
      43.295      -0.380    -274.945       6.248    -305.133
       1.687      27.666       2.765      24.230     -11.349     -50.046
2026
      43.307      -0.402    -274.796       6.209    -305.766
       1.702      27.792       2.656      23.947     -11.291     -49.831
2027
      43.327      -0.391    -274.693       6.107    -306.378
       1.713      27.918       2.569      23.665     -11.258     -49.631
2028
      43.355      -0.347    -274.627       5.946    -306.982
       1.720      28.048       2.497      23.374     -11.241     -49.440
2029
      43.391      -0.275    -274.595       5.734    -307.579
       1.724      28.188       2.432      23.055     -11.230     -49.242
2030
      43.432      -0.178    -274.593       5.483    -308.174
       1.726      28.344       2.367      22.687     -11.219     -49.019
2031
      43.480      -0.060    -274.615       5.199    -308.769
       1.727      28.521       2.306      22.244     -11.213     -48.747
2032
      43.531       0.071    -274.655       4.897    -309.367
       1.729      28.725       2.248      21.711     -11.214     -48.416
2033
      43.586       0.210    -274.701       4.591    -309.974
       1.731      28.955       2.190      21.083     -11.216     -48.020
2034
      43.641       0.352    -274.743       4.292    -310.603
       1.735      29.215       2.125      20.349     -11.209     -47.548
2035
      43.695       0.491    -274.769       4.008    -311.265
       1.742      29.507       2.047      19.499     -11.189     -46.989
2036
      43.747       0.625    -274.775       3.741    -311.962
       1.751      29.829       1.951      18.536     -11.151     -46.342
2037
      43.796       0.751    -274.754       3.489    -312.704
       1.763      30.179       1.832      17.468     -11.089     -45.613
2038
      43.841       0.867    -274.691       3.255    -313.506
       1.778      30.553       1.691      16.310     -10.998     -44.807
2039
      43.880       0.970    -274.581       3.039    -314.377
       1.796      30.944       1.526      15.085     -10.879     -43.944
2040
      43.912       1.058    -274.418       2.840    -315.323
       1.818      31.346       1.341      13.817     -10.734     -43.040
2041
      43.937       1.131    -274.199       2.657    -316.346
       1.841      31.755       1.146      12.510     -10.573     -42.098
2042
      43.954       1.189    -273.917       2.493    -317.447
       1.865      32.168       0.947      11.167     -10.403     -41.110
2043
      43.960       1.230    -273.566       2.352    -318.631
       1.890      32.582       0.752       9.780     -10.232     -40.064
2044
      43.954       1.255    -273.141       2.241    -319.896
       1.915      32.991       0.570       8.348     -10.074     -38.949
2045
      43.938       1.260    -272.643       2.168    -321.234
       1.940      33.390       0.410       6.887      -9.944     -37.775
2046
      43.910       1.245    -272.080       2.138    -322.631
       1.963      33.773       0.284       5.412      -9.851     -36.556
2047
      43.872       1.210    -271.454       2.153    -324.079
       1.983      34.135       0.200       3.941      -9.806     -35.305
2048
      43.824       1.158    -270.764       2.207    -325.578
       2.000      34.471       0.160       2.494      -9.814     -34.041
2049
      43.765       1.092    -270.008       2.295    -327.132
       2.013      34.777       0.162       1.091      -9.872     -32.785
2050
      43.694       1.015    -269.186       2.413    -328.741
       2.022      35.049       0.205      -0.245      -9.977     -31.561
2051
      43.613       0.931    -268.297       2.553    -330.407
       2.025      35.284       0.287      -1.498     -10.123     -30.391
2052
      43.522       0.845    -267.341       2.701    -332.135
       2.022      35.479       0.403      -2.643     -10.298     -29.302
2053
      43.420       0.763    -266.318       2.845    -333.928
       2.012      35.630       0.548      -3.655     -10.490     -28.320
2054
      43.308       0.689    -265.232       2.978    -335.784
       1.995      35.738       0.722      -4.527     -10.699     -27.456
2055
      43.187       0.625    -264.088       3.095    -337.699
       1.970      35.804       0.926      -5.261     -10.925     -26.706
2056
      43.058       0.574    -262.892       3.199    -339.673
       1.938      35.828       1.153      -5.863     -11.162     -26.062
2057
      42.920       0.535    -261.652       3.292    -341.694
       1.899      35.815       1.400      -6.348     -11.408     -25.506
2058
      42.777       0.506    -260.378       3.383    -343.748
       1.855      35.766       1.666      -6.730     -11.664     -25.028
2059
      42.628       0.484    -259.080       3.477    -345.825
       1.808      35.687       1.949      -7.015     -11.927     -24.624
2060
      42.475       0.469    -257.768       3.573    -347.917
       1.758      35.578       2.245      -7.201     -12.197     -24.303
2061
      42.319       0.464    -256.454       3.666    -350.013
       1.705      35.444       2.552      -7.290     -12.474     -24.066
2062
      42.162       0.470    -255.149       3.750    -352.098
       1.650      35.289       2.865      -7.295     -12.757     -23.904
2063
      42.006       0.491    -253.861       3.815    -354.166
       1.594      35.121       3.175      -7.225     -13.036     -23.813
2064
      41.850       0.527    -252.592       3.853    -356.219
       1.538      34.943       3.475      -7.091     -13.302     -23.778
2065
      41.696       0.579    -251.341       3.857    -358.262
       1.482      34.759       3.757      -6.901     -13.544     -23.793
2066
      41.544       0.648    -250.107       3.824    -360.303
       1.427      34.571       4.017      -6.663     -13.755     -23.846
2067
      41.395       0.733    -248.891       3.751    -362.347
       1.374      34.382       4.248      -6.387     -13.928     -23.925
2068
      41.250       0.836    -247.696       3.641    -364.389
       1.322      34.191       4.442      -6.068     -14.058     -24.029
2069
      41.110       0.956    -246.528       3.492    -366.421
       1.274      33.998       4.601      -5.710     -14.151     -24.150
2070
      40.976       1.092    -245.395       3.309    -368.426
       1.229      33.803       4.733      -5.326     -14.222     -24.272
2071
      40.850       1.240    -244.307       3.105    -370.385
       1.188      33.607       4.846      -4.929     -14.279     -24.378
2072
      40.734       1.393    -243.264       2.893    -372.290
       1.149      33.409       4.947      -4.523     -14.334     -24.460
2073
      40.627       1.546    -242.264       2.686    -374.138
       1.114      33.210       5.041      -4.113     -14.392     -24.516
2074
      40.530       1.693    -241.309       2.491    -375.923
       1.081      33.011       5.126      -3.705     -14.453     -24.536
2075
      40.445       1.829    -240.405       2.311    -377.641
       1.051      32.811       5.201      -3.314     -14.513     -24.503
2076
      40.372       1.952    -239.555       2.144    -379.284
       1.022      32.611       5.263      -2.941     -14.567     -24.416
2077
      40.312       2.060    -238.762       1.985    -380.851
       0.994      32.407       5.315      -2.574     -14.613     -24.287
2078
      40.265       2.152    -238.024       1.831    -382.343
       0.967      32.195       5.361      -2.202     -14.654     -24.126
2079
      40.231       2.226    -237.342       1.678    -383.755
       0.939      31.975       5.398      -1.826     -14.681     -23.928
2080
      40.210       2.285    -236.720       1.520    -385.087
       0.910      31.745       5.425      -1.452     -14.690     -23.681
2081
      40.202       2.328    -236.162       1.355    -386.331
       0.879      31.506       5.447      -1.094     -14.685     -23.371
2082
      40.207       2.355    -235.678       1.181    -387.473
       0.845      31.260       5.467      -0.755     -14.669     -22.994
2083
      40.225       2.366    -235.271       1.001    -388.503
       0.808      31.005       5.489      -0.440     -14.640     -22.546
2084
      40.256       2.359    -234.945       0.815    -389.417
       0.766      30.745       5.518      -0.172     -14.599     -22.003
2085
      40.300       2.334    -234.709       0.626    -390.209
       0.720      30.483       5.561       0.036     -14.549     -21.358
2086
      40.357       2.289    -234.568       0.439    -390.868
       0.669      30.220       5.621       0.177     -14.494     -20.607
2087
      40.428       2.222    -234.525       0.260    -391.387
       0.612      29.960       5.701       0.232     -14.437     -19.734
2088
      40.511       2.131    -234.581       0.091    -391.765
       0.550      29.706       5.797       0.181     -14.372     -18.719
2089
      40.605       2.017    -234.727      -0.069    -392.011
       0.483      29.459       5.903       0.022     -14.291     -17.562
2090
      40.709       1.883    -234.960      -0.230    -392.131
       0.413      29.221       6.013      -0.235     -14.189     -16.279
2091
      40.824       1.732    -235.286      -0.394    -392.125
       0.340      28.992       6.122      -0.576     -14.062     -14.890
2092
      40.948       1.566    -235.703      -0.567    -391.995
       0.265      28.772       6.226      -0.994     -13.904     -13.403
2093
      41.082       1.391    -236.210      -0.758    -391.746
       0.188      28.564       6.321      -1.485     -13.712     -11.822
2094
      41.222       1.213    -236.802      -0.971    -391.387
       0.112      28.365       6.407      -2.036     -13.488     -10.165
2095
      41.369       1.033    -237.472      -1.205    -390.925
       0.036      28.180       6.478      -2.644     -13.225      -8.439
2096
      41.522       0.855    -238.214      -1.456    -390.366
      -0.038      28.009       6.530      -3.310     -12.922      -6.644
2097
      41.679       0.679    -239.025      -1.715    -389.712
      -0.109      27.852       6.565      -4.034     -12.581      -4.782
2098
      41.840       0.505    -239.902      -1.973    -388.960
      -0.177      27.710       6.583      -4.807     -12.204      -2.866
2099
      42.007       0.334    -240.846      -2.225    -388.107
      -0.241      27.579       6.584      -5.605     -11.793      -0.926
2100
      42.177       0.167    -241.847      -2.466    -387.155
      -0.301      27.459       6.569      -6.406     -11.353       1.013
2101
      42.349       0.005    -242.898      -2.693    -386.114
      -0.355      27.349       6.537      -7.195     -10.890       2.930
2102
      42.524      -0.150    -243.984      -2.905    -384.999
      -0.402      27.247       6.484      -7.951     -10.402       4.798
2103
      42.700      -0.298    -245.097      -3.099    -383.819
      -0.442      27.151       6.404      -8.658      -9.887       6.590
2104
      42.877      -0.438    -246.233      -3.279    -382.572
      -0.474      27.065       6.296      -9.309      -9.344       8.291
2105
      43.055      -0.567    -247.384      -3.447    -381.267
      -0.497      26.985       6.161      -9.888      -8.775       9.876
2106
      43.232      -0.679    -248.540      -3.613    -379.917
      -0.511      26.911       5.996     -10.380      -8.181      11.330
2107
      43.409      -0.771    -249.698      -3.781    -378.526
      -0.518      26.844       5.806     -10.795      -7.568      12.661
2108
      43.584      -0.843    -250.849      -3.948    -377.104
      -0.516      26.786       5.597     -11.146      -6.948      13.881
2109
      43.756      -0.898    -251.982      -4.109    -375.662
      -0.507      26.739       5.372     -11.444      -6.328      14.999
2110
      43.924      -0.935    -253.088      -4.260    -374.213
      -0.490      26.701       5.137     -11.692      -5.715      16.021
2111
      44.086      -0.959    -254.165      -4.393    -372.761
      -0.466      26.670       4.899     -11.899      -5.121      16.955
2112
      44.243      -0.973    -255.209      -4.504    -371.314
      -0.438      26.647       4.664     -12.070      -4.552      17.811
2113
      44.395      -0.982    -256.218      -4.590    -369.878
      -0.405      26.629       4.440     -12.213      -4.021      18.598
2114
      44.542      -0.986    -257.189      -4.651    -368.461
      -0.368      26.617       4.233     -12.336      -3.536      19.322
2115
      44.683      -0.988    -258.121      -4.689    -367.069
      -0.328      26.612       4.055     -12.447      -3.112      19.989
2116
      44.820      -0.991    -259.019      -4.710    -365.702
      -0.288      26.616       3.916     -12.564      -2.757      20.617
2117
      44.951      -0.995    -259.881      -4.718    -364.369
      -0.249      26.630       3.818     -12.704      -2.475      21.224
2118
      45.078      -1.005    -260.704      -4.715    -363.082
      -0.209      26.655       3.758     -12.879      -2.259      21.829
2119
      45.198      -1.018    -261.483      -4.709    -361.853
      -0.170      26.695       3.728     -13.105      -2.101      22.449
2120
      45.312      -1.034    -262.220      -4.714    -360.690
      -0.131      26.747       3.724     -13.382      -1.996      23.090
2121
      45.420      -1.050    -262.918      -4.736    -359.595
      -0.093      26.809       3.742     -13.714      -1.939      23.760
2122
      45.522      -1.067    -263.579      -4.776    -358.565
      -0.056      26.883       3.782     -14.107      -1.930      24.471
2123
      45.620      -1.085    -264.212      -4.828    -357.592
      -0.021      26.966       3.845     -14.557      -1.971      25.222
2124
      45.714      -1.106    -264.820      -4.886    -356.671
       0.013      27.056       3.931     -15.065      -2.065      26.019
2125
      45.804      -1.132    -265.411      -4.941    -355.792
       0.044      27.152       4.038     -15.628      -2.208      26.867
2126
      45.892      -1.167    -265.997      -4.985    -354.940
       0.073      27.254       4.159     -16.242      -2.386      27.762
2127
      45.977      -1.212    -266.582      -5.014    -354.101
       0.099      27.360       4.289     -16.901      -2.591      28.697
2128
      46.060      -1.270    -267.166      -5.025    -353.275
       0.122      27.469       4.424     -17.593      -2.814      29.658
2129
      46.140      -1.342    -267.747      -5.017    -352.466
       0.143      27.578       4.555     -18.303      -3.042      30.633
2130
      46.219      -1.426    -268.327      -4.995    -351.669
       0.161      27.688       4.669     -19.029      -3.258      31.620
2131
      46.296      -1.520    -268.907      -4.963    -350.884
       0.179      27.800       4.757     -19.768      -3.449      32.615
2132
      46.371      -1.622    -269.483      -4.924    -350.110
       0.197      27.912       4.811     -20.501      -3.608      33.599
2133
      46.444      -1.731    -270.051      -4.881    -349.347
       0.216      28.023       4.826     -21.217      -3.726      34.562
2134
      46.515      -1.842    -270.610      -4.837    -348.596
       0.236      28.131       4.798     -21.911      -3.799      35.500
2135
      46.583      -1.948    -271.162      -4.802    -347.852
       0.258      28.237       4.727     -22.584      -3.823      36.410
2136
      46.650      -2.047    -271.708      -4.778    -347.113
       0.282      28.344       4.614     -23.234      -3.796      37.285
2137
      46.713      -2.140    -272.248      -4.761    -346.376
       0.308      28.451       4.466     -23.854      -3.725      38.116
2138
      46.774      -2.226    -272.780      -4.742    -345.645
       0.334      28.557       4.290     -24.442      -3.614      38.898
2139
      46.833      -2.308    -273.297      -4.721    -344.929
       0.359      28.661       4.092     -24.991      -3.462      39.621
2140
      46.889      -2.383    -273.795      -4.698    -344.234
       0.384      28.762       3.876     -25.497      -3.271      40.270
2141
      46.942      -2.452    -274.265      -4.675    -343.567
       0.407      28.860       3.645     -25.958      -3.041      40.844
2142
      46.991      -2.515    -274.704      -4.651    -342.936
       0.429      28.956       3.400     -26.385      -2.767      41.347
2143
      47.036      -2.571    -275.115      -4.626    -342.339
       0.450      29.048       3.143     -26.777      -2.448      41.775
2144
      47.078      -2.621    -275.497      -4.604    -341.778
       0.469      29.136       2.875     -27.125      -2.088      42.113
2145
      47.117      -2.662    -275.847      -4.590    -341.261
       0.488      29.220       2.597     -27.419      -1.688      42.344
2146
      47.152      -2.692    -276.161      -4.588    -340.794
       0.506      29.298       2.311     -27.660      -1.251      42.466
2147
      47.182      -2.709    -276.439      -4.602    -340.383
       0.524      29.373       2.022     -27.858      -0.787      42.491
2148
      47.208      -2.713    -276.685      -4.633    -340.027
       0.542      29.445       1.735     -28.013      -0.302      42.415
2149
      47.231      -2.703    -276.905      -4.678    -339.723
       0.557      29.512       1.454     -28.112       0.201      42.225
2150
      47.252      -2.682    -277.108      -4.732    -339.463
       0.571      29.573       1.183     -28.142       0.715      41.906
2151
      47.271      -2.650    -277.299      -4.789    -339.243
       0.582      29.624       0.925     -28.086       1.239      41.446
2152
      47.290      -2.609    -277.475      -4.850    -339.070
       0.590      29.662       0.683     -27.926       1.768      40.826
2153
      47.307      -2.560    -277.634      -4.911    -338.946
       0.594      29.684       0.463     -27.645       2.293      40.028
2154
      47.322      -2.509    -277.773      -4.966    -338.877
       0.594      29.689       0.267     -27.235       2.812      39.046
2155
      47.335      -2.456    -277.888      -5.013    -338.867
       0.592      29.677       0.090     -26.690       3.326      37.878
2156
      47.346      -2.403    -277.976      -5.053    -338.915
       0.588      29.647      -0.071     -26.001       3.843      36.517
2157
      47.355      -2.350    -278.042      -5.089    -339.017
       0.584      29.599      -0.220     -25.165       4.361      34.962
2158
      47.362      -2.298    -278.089      -5.123    -339.168
       0.579      29.537      -0.367     -24.192       4.891      33.229
2159
      47.368      -2.242    -278.117      -5.162    -339.366
       0.576      29.464      -0.522     -23.093       5.442      31.332
2160
      47.371      -2.178    -278.126      -5.211    -339.606
       0.576      29.384      -0.692     -21.878       6.017      29.282
2161
      47.370      -2.107    -278.114      -5.270    -339.884
       0.581      29.299      -0.881     -20.552       6.619      27.091
2162
      47.364      -2.027    -278.074      -5.336    -340.204
       0.592      29.210      -1.095     -19.133       7.251      24.788
2163
      47.350      -1.940    -277.999      -5.406    -340.574
       0.609      29.124      -1.339     -17.655       7.918      22.416
2164
      47.328      -1.846    -277.879      -5.475    -341.007
       0.634      29.045      -1.616     -16.151       8.623      20.016
2165
      47.297      -1.748    -277.705      -5.539    -341.511
       0.666      28.979      -1.928     -14.649       9.365      17.620
2166
      47.255      -1.646    -277.473      -5.596    -342.095
       0.705      28.930      -2.270     -13.174      10.138      15.257
2167
      47.204      -1.542    -277.178      -5.646    -342.766
       0.751      28.900      -2.635     -11.750      10.932      12.957
2168
      47.141      -1.436    -276.818      -5.686    -343.529
       0.803      28.896      -3.015     -10.414      11.738      10.759
2169
      47.067      -1.330    -276.386      -5.715    -344.391
       0.860      28.922      -3.405      -9.200      12.546       8.702
2170
      46.981      -1.225    -275.877      -5.734    -345.363
       0.924      28.982      -3.800      -8.135      13.349       6.817
2171
      46.881      -1.121    -275.282      -5.743    -346.454
       0.991      29.079      -4.197      -7.247      14.142       5.132
2172
      46.769      -1.021    -274.602      -5.744    -347.667
       1.064      29.218      -4.591      -6.562      14.921       3.672
2173
      46.645      -0.923    -273.836      -5.739    -349.003
       1.139      29.400      -4.981      -6.103      15.680       2.464
2174
      46.508      -0.829    -272.979      -5.730    -350.470
       1.219      29.625      -5.363      -5.888      16.415       1.526
2175
      46.362      -0.738    -272.033      -5.715    -352.071
       1.301      29.896      -5.735      -5.926      17.119       0.868
2176
      46.206      -0.653    -271.006      -5.690    -353.797
       1.386      30.210      -6.094      -6.226      17.789       0.500
2177
      46.042      -0.575    -269.905      -5.653    -355.635
       1.471      30.567      -6.436      -6.791      18.421       0.427
2178
      45.873      -0.506    -268.741      -5.600    -357.573
       1.556      30.963      -6.753      -7.614      19.006       0.638
2179
      45.698      -0.448    -267.523      -5.528    -359.597
       1.640      31.392      -7.040      -8.675      19.538       1.116
2180
      45.521      -0.404    -266.266      -5.433    -361.691
       1.720      31.849      -7.294      -9.957      20.014       1.844
2181
      45.343      -0.374    -264.984      -5.314    -363.832
       1.797      32.331      -7.515     -11.444      20.435       2.803
2182
      45.165      -0.360    -263.691      -5.173    -366.000
       1.869      32.833      -7.703     -13.111      20.802       3.969
2183
      44.990      -0.363    -262.396      -5.009    -368.179
       1.936      33.348      -7.860     -14.923      21.115       5.305
2184
      44.819      -0.383    -261.112      -4.823    -370.353
       1.997      33.870      -7.986     -16.847      21.377       6.778
2185
      44.654      -0.416    -259.851      -4.622    -372.499
       2.052      34.393      -8.085     -18.859      21.592       8.362
2186
      44.497      -0.463    -258.630      -4.412    -374.594
       2.102      34.913      -8.160     -20.928      21.764      10.026
