Spotless Days (Greenwich 1905-)
1818  1  0
1818  2  6
1818  3  2
1818  4  0
1818  5  0
1818  6  0
1818  7  0
1818  8  0
1818  9  0
1818 10  0
1818 11  3
1818 12  3
1819  1  0
1819  2  2
1819  3 16
1819  4  7
1819  5 11
1819  6  0
1819  7  0
1819  8  5
1819  9 10
1819 10  2
1819 11  8
1819 12  0
1820  1  7
1820  2  0
1820  3 19
1820  4  6
1820  5  0
1820  6 14
1820  7  1
1820  8  0
1820  9 17
1820 10 18
1820 11  7
1820 12 11
1821  1  1
1821  2 20
1821  3 19
1821  4 10
1821  5 27
1821  6 26
1821  7 21
1821  8 18
1821  9 23
1821 10  6
1821 11 22
1821 12 30
1822  1 31
1822  2 27
1822  3  8
1822  4 10
1822  5 28
1822  6 22
1822  7 21
1822  8 28
1822  9 30
1822 10 30
1822 11 30
1822 12 30
1823  1 31
1823  2 28
1823  3 28
1823  4 30
1823  5 25
1823  6 23
1823  7 23
1823  8 27
1823  9 27
1823 10 20
1823 11 20
1823 12  0
1824  1  0
1824  2  0
1824  3 21
1824  4  1
1824  5 16
1824  6 25
1824  7 21
1824  8 14
1824  9  7
1824 10  0
1824 11 18
1824 12 18
1825  1 23
1825  2 11
1825  3 12
1825  4 20
1825  5  0
1825  6  6
1825  7  2
1825  8  2
1825  9 10
1825 10  9
1825 11  4
1825 12  4
1826  1  4
1826  2  2
1826  3  0
1826  4  5
1826  5  0
1826  6  0
1826  7  0
1826  8  8
1826  9 11
1826 10  0
1826 11  0
1826 12  0
1827  1  4
1827  2  0
1827  3  0
1827  4  0
1827  5  0
1827  6  0
1827  7  0
1827  8  0
1827  9  0
1827 10  0
1827 11  0
1827 12  0
1828  1  0
1828  2  0
1828  3  0
1828  4  1
1828  5  0
1828  6  0
1828  7  0
1828  8  0
1828  9  0
1828 10  0
1828 11  0
1828 12  0
1829  1  0
1829  2  0
1829  3  0
1829  4  0
1829  5  0
1829  6  0
1829  7  0
1829  8  0
1829  9  0
1829 10  0
1829 11  0
1829 12  0
1830  1  1
1830  2  0
1830  3  0
1830  4  0
1830  5  0
1830  6  0
1830  7  0
1830  8  2
1830  9  0
1830 10  0
1830 11  0
1830 12  0
1831  1  5
1831  2  1
1831  3  0
1831  4  0
1831  5  1
1831  6  0
1831  7  1
1831  8  0
1831  9  0
1831 10  0
1831 11  0
1831 12  1
1832  1  2
1832  2  0
1832  3  0
1832  4  1
1832  5  0
1832  6  0
1832  7  9
1832  8 17
1832  9 16
1832 10  2
1832 11  4
1832 12  2
1833  1 14
1833  2 10
1833  3  8
1833  4 22
1833  5  9
1833  6 28
1833  7 16
1833  8 21
1833  9  9
1833 10 18
1833 11 14
1833 12  7
1834  1  8
1834  2  5
1834  3 19
1834  4 23
1834  5 15
1834  6 15
1834  7 12
1834  8 22
1834  9  6
1834 10  5
1834 11  4
1834 12  2
1835  1 13
1835  2  1
1835  3  3
1835  4  0
1835  5  2
1835  6  1
1835  7  0
1835  8  0
1835  9  0
1835 10  0
1835 11  0
1835 12  0
1836  1  0
1836  2  0
1836  3  0
1836  4  0
1836  5  0
1836  6  0
1836  7  0
1836  8  0
1836  9  0
1836 10  0
1836 11  0
1836 12  0
1837  1  0
1837  2  0
1837  3  0
1837  4  0
1837  5  0
1837  6  0
1837  7  0
1837  8  0
1837  9  0
1837 10  0
1837 11  0
1837 12  0
1838  1  0
1838  2  0
1838  3  0
1838  4  0
1838  5  0
1838  6  0
1838  7  0
1838  8  0
1838  9  0
1838 10  0
1838 11  0
1838 12  0
1839  1  0
1839  2  0
1839  3  0
1839  4  0
1839  5  0
1839  6  0
1839  7  0
1839  8  0
1839  9  0
1839 10  0
1839 11  0
1839 12  0
1840  1  0
1840  2  0
1840  3  0
1840  4  3
1840  5  0
1840  6  0
1840  7  0
1840  8  0
1840  9  0
1840 10  0
1840 11  0
1840 12  0
1841  1  6
1841  2  1
1841  3  3
1841  4  0
1841  5  0
1841  6  0
1841  7  3
1841  8  0
1841  9  1
1841 10  0
1841 11  2
1841 12  1
1842  1  8
1842  2  7
1842  3  9
1842  4  5
1842  5  6
1842  6  2
1842  7 17
1842  8  3
1842  9  6
1842 10  0
1842 11  0
1842 12  2
1843  1 10
1843  2 10
1843  3 18
1843  4 14
1843  5 10
1843  6 13
1843  7 15
1843  8 14
1843  9 22
1843 10 22
1843 11  2
1843 12 10
1844  1 10
1844  2  8
1844  3  6
1844  4  7
1844  5  7
1844  6 23
1844  7 11
1844  8  8
1844  9 20
1844 10  9
1844 11 10
1844 12  4
1845  1  0
1845  2  0
1845  3  1
1845  4  0
1845  5  3
1845  6  5
1845  7  4
1845  8  5
1845  9 10
1845 10  1
1845 11  3
1845 12  0
1846  1  1
1846  2  0
1846  3  0
1846  4  0
1846  5  0
1846  6  0
1846  7  0
1846  8  0
1846  9  0
1846 10  0
1846 11  0
1846 12  0
1847  1  0
1847  2  0
1847  3  0
1847  4  0
1847  5  0
1847  6  0
1847  7  1
1847  8  0
1847  9  0
1847 10  0
1847 11  0
1847 12  0
1848  1  0
1848  2  0
1848  3  0
1848  4  0
1848  5  0
1848  6  0
1848  7  0
1848  8  0
1848  9  0
1848 10  0
1848 11  0
1848 12  0
1849  1  0
1849  2  0
1849  3  0
1849  4  0
1849  5  1
1849  6  0
1849  7  0
1849  8  0
1849  9  0
1849 10  0
1849 11  0
1849 12  0
1850  1  0
1850  2  0
1850  3  0
1850  4  1
1850  5  0
1850  6  0
1850  7  5
1850  8  0
1850  9  0
1850 10  0
1850 11  1
1850 12  0
1851  1  0
1851  2  0
1851  3  0
1851  4  0
1851  5  0
1851  6  0
1851  7  0
1851  8  0
1851  9  0
1851 10  0
1851 11  0
1851 12  0
1852  1  0
1852  2  0
1852  3  0
1852  4  0
1852  5  0
1852  6  1
1852  7  2
1852  8  0
1852  9  1
1852 10  0
1852 11  0
1852 12  0
1853  1  0
1853  2  0
1853  3  2
1853  4  1
1853  5  0
1853  6  1
1853  7  1
1853  8  0
1853  9  1
1853 10  0
1853 11  0
1853 12  0
1854  1  6
1854  2  8
1854  3  7
1854  4  4
1854  5  8
1854  6  1
1854  7  5
1854  8  4
1854  9  6
1854 10 16
1854 11  0
1854 12  5
1855  1 17
1855  2  9
1855  3  6
1855  4 21
1855  5 19
1855  6 21
1855  7 30
1855  8 25
1855  9 30
1855 10  9
1855 11 21
1855 12 26
1856  1 30
1856  2 19
1856  3 30
1856  4 17
1856  5 31
1856  6 22
1856  7 20
1856  8 17
1856  9 21
1856 10 22
1856 11 15
1856 12 17
1857  1  4
1857  2 14
1857  3 18
1857  4 13
1857  5  0
1857  6  6
1857  7  6
1857  8  9
1857  9  0
1857 10  0
1857 11  0
1857 12  0
1858  1  1
1858  2  0
1858  3  0
1858  4  1
1858  5  0
1858  6  0
1858  7  0
1858  8  0
1858  9  0
1858 10  0
1858 11  0
1858 12  0
1859  1  0
1859  2  0
1859  3  0
1859  4  0
1859  5  0
1859  6  0
1859  7  0
1859  8  0
1859  9  0
1859 10  0
1859 11  0
1859 12  0
1860  1  0
1860  2  0
1860  3  0
1860  4  0
1860  5  0
1860  6  0
1860  7  0
1860  8  0
1860  9  0
1860 10  0
1860 11  0
1860 12  0
1861  1  0
1861  2  0
1861  3  0
1861  4  0
1861  5  0
1861  6  0
1861  7  0
1861  8  0
1861  9  0
1861 10  2
1861 11  0
1861 12  0
1862  1  0
1862  2  0
1862  3  1
1862  4  0
1862  5  0
1862  6  0
1862  7  0
1862  8  0
1862  9  0
1862 10  0
1862 11  0
1862 12  3
1863  1  0
1863  2  0
1863  3  0
1863  4  0
1863  5  0
1863  6  0
1863  7  0
1863  8  0
1863  9  2
1863 10  0
1863 11  0
1863 12  0
1864  1  0
1864  2  0
1864  3  0
1864  4  3
1864  5  0
1864  6  0
1864  7  0
1864  8  2
1864  9  1
1864 10  0
1864 11  0
1864 12  1
1865  1  0
1865  2  0
1865  3  2
1865  4  2
1865  5  2
1865  6  2
1865  7  2
1865  8  1
1865  9  7
1865 10 10
1865 11  4
1865 12 12
1866  1  0
1866  2  1
1866  3  0
1866  4  2
1866  5  6
1866  6  3
1866  7  9
1866  8  5
1866  9 13
1866 10  5
1866 11 15
1866 12 27
1867  1 31
1867  2 26
1867  3 12
1867  4 20
1867  5 24
1867  6 26
1867  7 18
1867  8 20
1867  9 16
1867 10 13
1867 11  9
1867 12  7
1868  1 13
1868  2  5
1868  3  3
1868  4  0
1868  5  3
1868  6  2
1868  7 10
1868  8  0
1868  9  1
1868 10  0
1868 11  0
1868 12  0
1869  1  0
1869  2  0
1869  3  0
1869  4  1
1869  5  0
1869  6  0
1869  7  1
1869  8  0
1869  9  0
1869 10  0
1869 11  0
1869 12  0
1870  1  0
1870  2  0
1870  3  0
1870  4  0
1870  5  0
1870  6  0
1870  7  0
1870  8  0
1870  9  0
1870 10  0
1870 11  0
1870 12  0
1871  1  0
1871  2  0
1871  3  0
1871  4  0
1871  5  0
1871  6  0
1871  7  0
1871  8  0
1871  9  0
1871 10  0
1871 11  0
1871 12  0
1872  1  0
1872  2  0
1872  3  0
1872  4  0
1872  5  0
1872  6  0
1872  7  0
1872  8  0
1872  9  0
1872 10  0
1872 11  0
1872 12  0
1873  1  0
1873  2  0
1873  3  0
1873  4  0
1873  5  4
1873  6  7
1873  7  0
1873  8  0
1873  9  0
1873 10  1
1873 11  1
1873 12  1
1874  1  0
1874  2  0
1874  3  0
1874  4  3
1874  5  0
1874  6  0
1874  7  0
1874  8  0
1874  9  2
1874 10  2
1874 11  0
1874 12  5
1875  1 11
1875  2  6
1875  3  0
1875  4  1
1875  5 16
1875  6  3
1875  7 10
1875  8 15
1875  9 26
1875 10 11
1875 11 17
1875 12 15
1876  1 17
1876  2  9
1876  3  8
1876  4 26
1876  5 21
1876  6 26
1876  7 11
1876  8 17
1876  9 14
1876 10  7
1876 11 15
1876 12 19
1877  1  7
1877  2  8
1877  3 15
1877  4 11
1877  5  2
1877  6  4
1877  7 16
1877  8 17
1877  9  4
1877 10 23
1877 11 10
1877 12 23
1878  1 22
1878  2 20
1878  3 15
1878  4 29
1878  5 22
1878  6 18
1878  7 30
1878  8 31
1878  9 18
1878 10 28
1878 11 18
1878 12 29
1879  1 26
1879  2 26
1879  3 31
1879  4 17
1879  5 24
1879  6 20
1879  7 12
1879  8 15
1879  9 12
1879 10 12
1879 11 10
1879 12 12
1880  1  7
1880  2  6
1880  3  5
1880  4  2
1880  5  4
1880  6  0
1880  7  5
1880  8  0
1880  9  0
1880 10  0
1880 11  3
1880 12  1
1881  1  1
1881  2  0
1881  3  0
1881  4  0
1881  5  0
1881  6  0
1881  7  0
1881  8  3
1881  9  0
1881 10  0
1881 11  0
1881 12  1
1882  1  0
1882  2  0
1882  3  0
1882  4  0
1882  5  0
1882  6  0
1882  7  0
1882  8  0
1882  9  0
1882 10  0
1882 11  0
1882 12  2
1883  1  0
1883  2  1
1883  3  1
1883  4  0
1883  5  1
1883  6  0
1883  7  0
1883  8  0
1883  9  1
1883 10  0
1883 11  0
1883 12  0
1884  1  0
1884  2  0
1884  3  0
1884  4  0
1884  5  0
1884  6  0
1884  7  0
1884  8  0
1884  9  0
1884 10  0
1884 11  0
1884 12  0
1885  1  1
1885  2  0
1885  3  1
1885  4  0
1885  5  0
1885  6  0
1885  7  0
1885  8  0
1885  9  0
1885 10  3
1885 11  3
1885 12  5
1886  1  7
1886  2  0
1886  3  0
1886  4  1
1886  5  2
1886  6  2
1886  7  4
1886  8  2
1886  9  4
1886 10  6
1886 11 27
1886 12  7
1887  1  8
1887  2 10
1887  3 15
1887  4 11
1887  5  5
1887  6  0
1887  7  4
1887  8 11
1887  9 12
1887 10 11
1887 11 13
1887 12  4
1888  1  7
1888  2 12
1888  3 12
1888  4 11
1888  5 17
1888  6 10
1888  7 16
1888  8 20
1888  9  6
1888 10 21
1888 11  7
1888 12 11
1889  1 28
1889  2 15
1889  3 15
1889  4 17
1889  5 24
1889  6 17
1889  7 11
1889  8  8
1889  9 13
1889 10 20
1889 11 27
1889 12 17
1890  1 16
1890  2 25
1890  3 17
1890  4 20
1890  5 16
1890  6 23
1890  7 10
1890  8 14
1890  9  2
1890 10  9
1890 11 12
1890 12  7
1891  1 11
1891  2  3
1891  3  5
1891  4  2
1891  5  0
1891  6  0
1891  7  0
1891  8  1
1891  9  0
1891 10  0
1891 11  0
1891 12  2
1892  1  0
1892  2  0
1892  3  0
1892  4  0
1892  5  0
1892  6  0
1892  7  0
1892  8  0
1892  9  0
1892 10  0
1892 11  0
1892 12  0
1893  1  0
1893  2  0
1893  3  0
1893  4  0
1893  5  0
1893  6  0
1893  7  0
1893  8  0
1893  9  0
1893 10  0
1893 11  0
1893 12  0
1894  1  0
1894  2  0
1894  3  0
1894  4  0
1894  5  0
1894  6  0
1894  7  0
1894  8  0
1894  9  0
1894 10  0
1894 11  0
1894 12  0
1895  1  0
1895  2  0
1895  3  0
1895  4  0
1895  5  0
1895  6  0
1895  7  0
1895  8  0
1895  9  0
1895 10  0
1895 11  1
1895 12  0
1896  1  0
1896  2  0
1896  3  0
1896  4  3
1896  5  1
1896  6  0
1896  7  0
1896  8  2
1896  9  0
1896 10  1
1896 11  0
1896 12  0
1897  1  0
1897  2  0
1897  3  1
1897  4  3
1897  5  6
1897  6  6
1897  7  0
1897  8  0
1897  9  0
1897 10  7
1897 11  8
1897 12  1
1898  1  1
1898  2  3
1898  3  5
1898  4  9
1898  5  0
1898  6  1
1898  7 11
1898  8  2
1898  9  0
1898 10  0
1898 11  0
1898 12  7
1899  1  2
1899  2 10
1899  3  4
1899  4  1
1899  5  7
1899  6  2
1899  7  9
1899  8 24
1899  9 11
1899 10 16
1899 11 10
1899 12  8
1900  1 10
1900  2 13
1900  3 14
1900  4  3
1900  5  8
1900  6  9
1900  7 14
1900  8 21
1900  9 13
1900 10  8
1900 11 16
1900 12 29
1901  1 30
1901  2 20
1901  3 23
1901  4 30
1901  5 18
1901  6 15
1901  7 28
1901  8 27
1901  9 28
1901 10 21
1901 11 16
1901 12 31
1902  1 20
1902  2 28
1902  3 17
1902  4 30
1902  5 20
1902  6 25
1902  7 28
1902  8 22
1902  9 18
1902 10  4
1902 11 17
1902 12 28
1903  1  9
1903  2  0
1903  3 11
1903  4  2
1903  5  6
1903  6  6
1903  7  0
1903  8  0
1903  9 10
1903 10  0
1903 11  0
1903 12  1
1904  1  1
1904  2  0
1904  3  0
1904  4  0
1904  5  0
1904  6  0
1904  7  0
1904  8  0
1904  9  0
1904 10  0
1904 11  0
1904 12  0
1905  1  0
1905  2  0
1905  3  0
1905  4  0
1905  5  1
1905  6  0
1905  7  2
1905  8  0
1905  9  0
1905 10  0
1905 11  0
1905 12  0
1906  1  0
1906  2  0
1906  3  0
1906  4  0
1906  5  0
1906  6  0
1906  7  0
1906  8  0
1906  9  0
1906 10  5
1906 11  0
1906 12  0
1907  1  0
1907  2  0
1907  3  0
1907  4  0
1907  5  0
1907  6  0
1907  7  0
1907  8  0
1907  9  0
1907 10  0
1907 11  1
1907 12  0
1908  1  1
1908  2  0
1908  3  1
1908  4  0
1908  5  0
1908  6  0
1908  7  0
1908  8  0
1908  9  0
1908 10  4
1908 11  0
1908 12  0
1909  1  0
1909  2  0
1909  3  0
1909  4  1
1909  5  0
1909  6  1
1909  7  1
1909  8  1
1909  9  0
1909 10  0
1909 11  0
1909 12  1
1910  1  0
1910  2  7
1910  3  0
1910  4  9
1910  5  0
1910  6  5
1910  7  4
1910  8  8
1910  9  2
1910 10  1
1910 11 13
1910 12 16
1911  1 18
1911  2 12
1911  3 10
1911  4  5
1911  5 11
1911  6 20
1911  7 19
1911  8 17
1911  9 19
1911 10 23
1911 11 11
1911 12 18
1912  1 30
1912  2 28
1912  3 20
1912  4 19
1912  5 13
1912  6 14
1912  7 17
1912  8 30
1912  9 11
1912 10 21
1912 11 26
1912 12 17
1913  1 20
1913  2 19
1913  3 29
1913  4 27
1913  5 30
1913  6 29
1913  7 27
1913  8 30
1913  9 28
1913 10 21
1913 11 28
1913 12 23
1914  1 24
1914  2 20
1914  3 22
1914  4  1
1914  5 18
1914  6 15
1914  7  8
1914  8 15
1914  9  8
1914 10 10
1914 11  2
1914 12  0
1915  1  0
1915  2  0
1915  3  0
1915  4  1
1915  5  5
1915  6  0
1915  7  0
1915  8  0
1915  9  0
1915 10  0
1915 11  0
1915 12  0
1916  1  0
1916  2  0
1916  3  0
1916  4  0
1916  5  0
1916  6  0
1916  7  0
1916  8  2
1916  9  0
1916 10  1
1916 11  0
1916 12  0
1917  1  0
1917  2  0
1917  3  0
1917  4  0
1917  5  0
1917  6  0
1917  7  0
1917  8  0
1917  9  0
1917 10  0
1917 11  0
1917 12  0
1918  1  0
1918  2  0
1918  3  0
1918  4  0
1918  5  0
1918  6  0
1918  7  0
1918  8  0
1918  9  0
1918 10  0
1918 11  0
1918 12  0
1919  1  0
1919  2  0
1919  3  0
1919  4  0
1919  5  0
1919  6  0
1919  7  0
1919  8  0
1919  9  0
1919 10  0
1919 11  0
1919 12  0
1920  1  0
1920  2  0
1920  3  0
1920  4  1
1920  5  0
1920  6  0
1920  7  0
1920  8  0
1920  9  3
1920 10  0
1920 11  0
1920 12  0
1921  1  0
1921  2  0
1921  3  1
1921  4  1
1921  5  3
1921  6  0
1921  7  0
1921  8  4
1921  9  4
1921 10  6
1921 11  8
1921 12  4
1922  1  9
1922  2  0
1922  3  0
1922  4  9
1922  5 13
1922  6 13
1922  7 11
1922  8 15
1922  9 12
1922 10 11
1922 11  6
1922 12 10
1923  1 20
1923  2 20
1923  3 19
1923  4 10
1923  5 16
1923  6 12
1923  7 17
1923  8 24
1923  9  4
1923 10  2
1923 11  8
1923 12 19
1924  1 26
1924  2 20
1924  3 23
1924  4 14
1924  5  4
1924  6  0
1924  7  0
1924  8  0
1924  9  0
1924 10  0
1924 11  6
1924 12  3
1925  1  8
1925  2  3
1925  3  5
1925  4  0
1925  5  0
1925  6  1
1925  7  0
1925  8  2
1925  9  0
1925 10  0
1925 11  0
1925 12  0
1926  1  0
1926  2  0
1926  3  0
1926  4  0
1926  5  0
1926  6  0
1926  7  2
1926  8  0
1926  9  0
1926 10  0
1926 11  0
1926 12  0
1927  1  0
1927  2  0
1927  3  0
1927  4  0
1927  5  0
1927  6  0
1927  7  0
1927  8  0
1927  9  0
1927 10  0
1927 11  0
1927 12  0
1928  1  0
1928  2  0
1928  3  0
1928  4  0
1928  5  0
1928  6  0
1928  7  0
1928  8  0
1928  9  0
1928 10  0
1928 11  0
1928 12  0
1929  1  0
1929  2  0
1929  3  0
1929  4  0
1929  5  0
1929  6  0
1929  7  0
1929  8  0
1929  9  0
1929 10  0
1929 11  0
1929 12  0
1930  1  0
1930  2  0
1930  3  0
1930  4  0
1930  5  0
1930  6  0
1930  7  0
1930  8  1
1930  9  0
1930 10  0
1930 11  1
1930 12  2
1931  1  4
1931  2  1
1931  3  0
1931  4  0
1931  5  0
1931  6 11
1931  7  2
1931  8  7
1931  9  0
1931 10  6
1931 11  8
1931 12  3
1932  1  4
1932  2 10
1932  3  7
1932  4  7
1932  5  5
1932  6  1
1932  7  8
1932  8 12
1932  9 16
1932 10  7
1932 11 10
1932 12  5
1933  1 12
1933  2 12
1933  3  9
1933  4 21
1933  5 19
1933  6 14
1933  7 22
1933  8 29
1933  9 14
1933 10 23
1933 11 29
1933 12 30
1934  1 21
1934  2  8
1934  3 16
1934  4  8
1934  5  4
1934  6 17
1934  7 10
1934  8 14
1934  9 17
1934 10  9
1934 11 10
1934 12 11
1935  1  0
1935  2  0
1935  3  5
1935  4  8
1935  5  7
1935  6  0
1935  7  1
1935  8  0
1935  9  0
1935 10  0
1935 11  0
1935 12  0
1936  1  0
1936  2  0
1936  3  0
1936  4  0
1936  5  0
1936  6  0
1936  7  0
1936  8  0
1936  9  0
1936 10  0
1936 11  0
1936 12  0
1937  1  0
1937  2  0
1937  3  0
1937  4  0
1937  5  0
1937  6  0
1937  7  0
1937  8  0
1937  9  0
1937 10  0
1937 11  0
1937 12  0
1938  1  0
1938  2  0
1938  3  0
1938  4  0
1938  5  0
1938  6  0
1938  7  0
1938  8  0
1938  9  0
1938 10  0
1938 11  0
1938 12  0
1939  1  0
1939  2  0
1939  3  0
1939  4  0
1939  5  0
1939  6  0
1939  7  0
1939  8  0
1939  9  0
1939 10  0
1939 11  0
1939 12  0
1940  1  0
1940  2  0
1940  3  0
1940  4  0
1940  5  0
1940  6  0
1940  7  0
1940  8  0
1940  9  0
1940 10  0
1940 11  0
1940 12  0
1941  1  0
1941  2  0
1941  3  0
1941  4  0
1941  5  0
1941  6  0
1941  7  0
1941  8  1
1941  9  0
1941 10  0
1941 11  5
1941 12  2
1942  1  2
1942  2  0
1942  3  2
1942  4  0
1942  5  1
1942  6  3
1942  7  3
1942  8  0
1942  9  0
1942 10  4
1942 11  2
1942 12  0
1943  1  2
1943  2  1
1943  3  0
1943  4  0
1943  5  0
1943  6  5
1943  7  9
1943  8  1
1943  9 12
1943 10  9
1943 11  8
1943 12  3
1944  1 19
1944  2 26
1944  3 13
1944  4 28
1944  5 27
1944  6  8
1944  7 17
1944  8  5
1944  9  5
1944 10  2
1944 11  5
1944 12  4
1945  1  2
1945  2  4
1945  3  0
1945  4  3
1945  5  0
1945  6  0
1945  7  2
1945  8  2
1945  9  1
1945 10  0
1945 11  0
1945 12  0
1946  1  0
1946  2  0
1946  3  0
1946  4  0
1946  5  0
1946  6  0
1946  7  0
1946  8  0
1946  9  0
1946 10  0
1946 11  0
1946 12  0
1947  1  0
1947  2  0
1947  3  0
1947  4  0
1947  5  0
1947  6  0
1947  7  0
1947  8  0
1947  9  0
1947 10  0
1947 11  0
1947 12  0
1948  1  0
1948  2  0
1948  3  0
1948  4  0
1948  5  0
1948  6  0
1948  7  0
1948  8  0
1948  9  0
1948 10  0
1948 11  0
1948 12  0
1949  1  0
1949  2  0
1949  3  0
1949  4  0
1949  5  0
1949  6  0
1949  7  0
1949  8  0
1949  9  0
1949 10  0
1949 11  0
1949 12  0
1950  1  0
1950  2  0
1950  3  0
1950  4  0
1950  5  0
1950  6  0
1950  7  0
1950  8  0
1950  9  0
1950 10  0
1950 11  0
1950 12  3
1951  1  0
1951  2  0
1951  3  0
1951  4  0
1951  5  0
1951  6  0
1951  7  0
1951  8  2
1951  9  0
1951 10  0
1951 11  0
1951 12  0
1952  1  0
1952  2  4
1952  3  7
1952  4  0
1952  5  2
1952  6  0
1952  7  0
1952  8  0
1952  9  5
1952 10  2
1952 11  3
1952 12  1
1953  1  7
1953  2 18
1953  3 12
1953  4  9
1953  5 10
1953  6  1
1953  7 17
1953  8  9
1953  9  7
1953 10 14
1953 11 22
1953 12 22
1954  1 28
1954  2 25
1954  3 15
1954  4 23
1954  5 29
1954  6 25
1954  7 16
1954  8 10
1954  9 21
1954 10 12
1954 11 17
1954 12 15
1955  1  0
1955  2  3
1955  3 18
1955  4  8
1955  5  5
1955  6  4
1955  7  3
1955  8  0
1955  9  1
1955 10  3
1955 11  0
1955 12  0
1956  1  0
1956  2  0
1956  3  0
1956  4  0
1956  5  0
1956  6  0
1956  7  0
1956  8  0
1956  9  0
1956 10  0
1956 11  0
1956 12  0
1957  1  0
1957  2  0
1957  3  0
1957  4  0
1957  5  0
1957  6  0
1957  7  0
1957  8  0
1957  9  0
1957 10  0
1957 11  0
1957 12  0
1958  1  0
1958  2  0
1958  3  0
1958  4  0
1958  5  0
1958  6  0
1958  7  0
1958  8  0
1958  9  0
1958 10  0
1958 11  0
1958 12  0
1959  1  0
1959  2  0
1959  3  0
1959  4  0
1959  5  0
1959  6  0
1959  7  0
1959  8  0
1959  9  0
1959 10  0
1959 11  0
1959 12  0
1960  1  0
1960  2  0
1960  3  0
1960  4  0
1960  5  0
1960  6  0
1960  7  0
1960  8  0
1960  9  0
1960 10  0
1960 11  0
1960 12  0
1961  1  0
1961  2  0
1961  3  0
1961  4  0
1961  5  0
1961  6  0
1961  7  0
1961  8  0
1961  9  0
1961 10  0
1961 11  3
1961 12  4
1962  1  2
1962  2  0
1962  3  2
1962  4  0
1962  5  0
1962  6  0
1962  7  1
1962  8  5
1962  9  0
1962 10  0
1962 11  1
1962 12  5
1963  1  3
1963  2  1
1963  3  3
1963  4  5
1963  5  0
1963  6  0
1963  7  0
1963  8  0
1963  9  3
1963 10  3
1963 11  4
1963 12  8
1964  1  1
1964  2  9
1964  3  4
1964  4 10
1964  5  4
1964  6  7
1964  7 20
1964  8 12
1964  9 17
1964 10 11
1964 11 10
1964 12  5
1965  1  1
1965  2  5
1965  3  6
1965  4 13
1965  5  6
1965  6  8
1965  7  9
1965  8 10
1965  9  3
1965 10  3
1965 11  9
1965 12  2
1966  1  5
1966  2  0
1966  3  2
1966  4  0
1966  5  2
1966  6  0
1966  7  0
1966  8  2
1966  9  0
1966 10  0
1966 11  0
1966 12  0
1967  1  0
1967  2  0
1967  3  0
1967  4  0
1967  5  0
1967  6  0
1967  7  0
1967  8  0
1967  9  0
1967 10  0
1967 11  0
1967 12  0
1968  1  0
1968  2  0
1968  3  0
1968  4  0
1968  5  0
1968  6  0
1968  7  0
1968  8  0
1968  9  0
1968 10  0
1968 11  0
1968 12  0
1969  1  0
1969  2  0
1969  3  0
1969  4  0
1969  5  0
1969  6  0
1969  7  0
1969  8  0
1969  9  0
1969 10  0
1969 11  0
1969 12  0
1970  1  0
1970  2  0
1970  3  0
1970  4  0
1970  5  0
1970  6  0
1970  7  0
1970  8  0
1970  9  0
1970 10  0
1970 11  0
1970 12  0
1971  1  0
1971  2  0
1971  3  0
1971  4  0
1971  5  0
1971  6  0
1971  7  0
1971  8  0
1971  9  0
1971 10  0
1971 11  0
1971 12  0
1972  1  0
1972  2  0
1972  3  0
1972  4  0
1972  5  0
1972  6  0
1972  7  0
1972  8  0
1972  9  0
1972 10  1
1972 11  0
1972 12  0
1973  1  0
1973  2  0
1973  3  0
1973  4  0
1973  5  1
1973  6  1
1973  7  1
1973  8  5
1973  9  0
1973 10  5
1973 11  6
1973 12  6
1974  1  4
1974  2  3
1974  3  1
1974  4  0
1974  5  5
1974  6  0
1974  7  0
1974  8  0
1974  9  1
1974 10  1
1974 11  1
1974 12  7
1975  1  4
1975  2 10
1975  3 10
1975  4 18
1975  5 16
1975  6  8
1975  7  0
1975  8  1
1975  9  5
1975 10 10
1975 11  7
1975 12 13
1976  1 15
1976  2 20
1976  3  5
1976  4  2
1976  5  6
1976  6  8
1976  7 23
1976  8  0
1976  9  5
1976 10  4
1976 11 14
1976 12  5
1977  1  4
1977  2  2
1977  3  9
1977  4  7
1977  5  3
1977  6  0
1977  7  5
1977  8  0
1977  9  0
1977 10  0
1977 11  0
1977 12  0
1978  1  0
1978  2  0
1978  3  0
1978  4  0
1978  5  0
1978  6  0
1978  7  0
1978  8  0
1978  9  0
1978 10  0
1978 11  0
1978 12  0
1979  1  0
1979  2  0
1979  3  0
1979  4  0
1979  5  0
1979  6  0
1979  7  0
1979  8  0
1979  9  0
1979 10  0
1979 11  0
1979 12  0
1980  1  0
1980  2  0
1980  3  0
1980  4  0
1980  5  0
1980  6  0
1980  7  0
1980  8  0
1980  9  0
1980 10  0
1980 11  0
1980 12  0
1981  1  0
1981  2  0
1981  3  0
1981  4  0
1981  5  0
1981  6  0
1981  7  0
1981  8  0
1981  9  0
1981 10  0
1981 11  0
1981 12  0
1982  1  3
1982  2  1
1982  3  0
1982  4  0
1982  5  1
1982  6  0
1982  7  0
1982  8  1
1982  9  0
1982 10  0
1982 11  0
1982 12  0
1983  1  0
1983  2  0
1983  3  6
1983  4  5
1983  5  0
1983  6  0
1983  7  0
1983  8  0
1983  9  0
1983 10  0
1983 11  6
1983 12  0
1984  1  0
1984  2  0
1984  3  0
1984  4  0
1984  5  0
1984  6  0
1984  7  0
1984  8  0
1984  9  9
1984 10  6
1984 11  2
1984 12  0
1985  1  8
1985  2  0
1985  3  5
1985  4  6
1985  5  0
1985  6  2
1985  7  0
1985  8  9
1985  9 16
1985 10 13
1985 11 10
1985 12 12
1986  1 23
1986  2  6
1986  3  8
1986  4  5
1986  5  8
1986  6 26
1986  7  6
1986  8  9
1986  9 18
1986 10  3
1986 11  8
1986 12 19
1987  1  7
1987  2 16
1987  3  2
1987  4  0
1987  5  0
1987  6  9
1987  7 10
1987  8  0
1987  9  0
1987 10  0
1987 11  0
1987 12  0
1988  1  0
1988  2  0
1988  3  0
1988  4  0
1988  5  0
1988  6  0
1988  7  0
1988  8  0
1988  9  0
1988 10  0
1988 11  0
1988 12  0
1989  1  0
1989  2  0
1989  3  0
1989  4  0
1989  5  0
1989  6  0
1989  7  0
1989  8  0
1989  9  0
1989 10  0
1989 11  0
1989 12  0
1990  1  1
1990  2  0
1990  3  0
1990  4  0
1990  5  0
1990  6  0
1990  7  0
1990  8  0
1990  9  0
1990 10  0
1990 11  0
1990 12  0
1991  1  0
1991  2  0
1991  3  0
1991  4  0
1991  5  0
1991  6  0
1991  7  0
1991  8  0
1991  9  0
1991 10  0
1991 11  0
1991 12  0
1992  1  0
1992  2  0
1992  3  0
1992  4  0
1992  5  0
1992  6  0
1992  7  0
1992  8  0
1992  9  0
1992 10  0
1992 11  0
1992 12  0
1993  1  0
1993  2  0
1993  3  0
1993  4  0
1993  5  0
1993  6  0
1993  7  0
1993  8  0
1993  9  1
1993 10  0
1993 11  0
1993 12  0
1994  1  0
1994  2  0
1994  3  0
1994  4  4
1994  5  4
1994  6  6
1994  7  0
1994  8  0
1994  9  2
1994 10  0
1994 11  0
1994 12  0
1995  1  1
1995  2  0
1995  3  1
1995  4 10
1995  5  6
1995  6  3
1995  7  5
1995  8  4
1995  9  5
1995 10  5
1995 11  5
1995 12  4
1996  1 10
1996  2 15
1996  3 11
1996  4 14
1996  5 17
1996  6  6
1996  7 12
1996  8  0
1996  9 22
1996 10 27
1996 11  9
1996 12 11
1997  1 13
1997  2 14
1997  3 13
1997  4  2
1997  5  3
1997  6  0
1997  7  9
1997  8  3
1997  9  0
1997 10  1
1997 11  0
1997 12  0
1998  1  3
1998  2  0
1998  3  0
1998  4  0
1998  5  0
1998  6  0
1998  7  0
1998  8  0
1998  9  0
1998 10  0
1998 11  0
1998 12  0
1999  1  0
1999  2  0
1999  3  0
1999  4  0
1999  5  0
1999  6  0
1999  7  0
1999  8  0
1999  9  0
1999 10  0
1999 11  0
1999 12  0
2000  1  0
2000  2  0
2000  3  0
2000  4  0
2000  5  0
2000  6  0
2000  7  0
2000  8  0
2000  9  0
2000 10  0
2000 11  0
2000 12  0
2001  1  0
2001  2  0
2001  3  0
2001  4  0
2001  5  0
2001  6  0
2001  7  0
2001  8  0
2001  9  0
2001 10  0
2001 11  0
2001 12  0
2002  1  0
2002  2  0
2002  3  0
2002  4  0
2002  5  0
2002  6  0
2002  7  0
2002  8  0
2002  9  0
2002 10  0
2002 11  0
2002 12  0
2003  1  0
2003  2  0
2003  3  0
2003  4  0
2003  5  0
2003  6  0
2003  7  0
2003  8  0
2003  9  0
2003 10  0
2003 11  0
2003 12  0
2004  1  2
2004  2  0
2004  3  0
2004  4  0
2004  5  0
2004  6  0
2004  7  0
2004  8  0
2004  9  0
2004 10  2
2004 11  0
2004 12  0
2005  1  0
2005  2  0
2005  3  0
2005  4  1
2005  5  0
2005  6  1
2005  7  5
2005  8  0
2005  9  0
2005 10  8
2005 11  2
2005 12  0
2006  1  4
2006  2 20
2006  3  7
2006  4  0
2006  5  4
2006  6  6
2006  7  0
2006  8  4
2006  9  2
2006 10 10
2006 11  3
2006 12  9
2007  1  0
2007  2  5
2007  3 12
2007  4 18
2007  5  5
2007  6 11
2007  7  8
2007  8  8
2007  9 21
2007 10 27
2007 11 24
2007 12 13
2008  1 21
2008  2 20
2008  3 17
2008  4 19
2008  5 23
2008  6 19
2008  7 28
2008  8 30
2008  9 28
2008 10 21
2008 11 15
2008 12 28
2009  1 25
2009  2 22
2009  3 29
2009  4 28
2009  5 22
2009  6 16
2009  7 23
2009  8 30
2009  9 20
2009 10 20
2009 11 16
2009 12 10
2010  1  2
2010  2  0
2010  3  4
2010  4 15
2010  5 12
2010  6  3
2010  7  0
2010  8  3
2010  9  2
2010 10  2
2010 11  0
2010 12  7
2011  1  1
2011  2  0
2011  3  0
2011  4  0
2011  5  0
2011  6  0
2011  7  0
2011  8  1
2011  9  0
2011 10  0
2011 11  0
2011 12  0
2012  1  0
2012  2  0
2012  3  0
2012  4  0
2012  5  0
2012  6  0
2012  7  0
2012  8  0
2012  9  0
2012 10  0
2012 11  0
2012 12  0
2013  1  0
2013  2  0
2013  3  0
2013  4  0
2013  5  0
2013  6  0
2013  7  0
2013  8  0
2013  9  0
2013 10  0
2013 11  0
2013 12  0
2014  1  0
2014  2  0
2014  3  0
2014  4  0
2014  5  0
2014  6  0
2014  7  1
2014  8  0
2014  9  0
2014 10  0
2014 11  0
2014 12  0
2015  1  0
2015  2  0
2015  3  0
2015  4  0
2015  5  0
2015  6  0
2015  7  0
2015  8  0
2015  9  0
2015 10  0
2015 11  0
2015 12  0
2016  1  0
2016  2  0
2016  3  0
2016  4  0
2016  5  0
2016  6 11
2016  7  8
2016  8  1
2016  9  0
2016 10  1
2016 11  4
2016 12  7
2017  1 11
2017  2  1
2017  3 16
2017  4  3
2017  5  8
2017  6  4
2017  7 12
2017  8  2
2017  9  0
2017 10 12
2017 11 19
2017 12 17
2018  1 17
2018  2 11
2018  3 25
2018  4 17
2018  5 11
2018  6 10
2018  7 30
2018  8 15
2018  9 25
2018 10 21
2018 11 20
2018 12 25
2019  1 17
2019  2 27
2019  3 17
2019  4 12
2019  5 15
2019  6 26
2019  7 29
2019  8 29
2019  9 28
2019 10 29
2019 11 28
2019 12 28
2020  1 17
2020  2 27
2020  3 29
2020  4 21
2020  5 30
2020  6 16
2020  7 18
2020  8 14
2020  9 28
2020 10 10
2020 11  2
2020 12  2
2021  1 15
2021  2 16
2021  3  2
2021  4  9
2021  5  5
2021  6  1
2021  7  3
2021  8  8
2021  9  3
2021 10  1
2021 11  0
2021 12  4
2022  1  0
2022  2  0
2022  3  0
2022  4  0
2022  5  0
2022  6  1
2022  7  0
2022  8  0
2022  9  0
2022 10  0
2022 11  0
2022 12  0
2023  1  0
2023  2  0
2023  3  0
2023  4  0
2023  5  0
2023  6  0
2023  7  0
2023  8  0
2023  9  0
2023 10  0
2023 11  0
2023 12  0
2024  1  0
2024  2  0
2024  3  0
2024  4  0
2024  5  0
2024  6  0
2024  7  0
2024  8  0
2024  9  0
2024 10  0
2024 11  0
2024 12  0
2025  1  0
2025  2  0
2025  3  0
2025  4  0
2025  5  0
2025  6  0
2025  7  0
